zarr: data/place_empty_cup-dp_test_demo-50.zarr
action: (8620, 14)
state : (8620, 14)
episodes: 50

===== per-dimension ACTION stats =====
dim  0: min=-0.890389 max= 0.056098 mean=-0.121829 std= 0.215684
dim  1: min= 0.000000 max= 2.514667 mean= 0.659957 std= 0.912969
dim  2: min= 0.000000 max= 2.576658 mean= 0.529408 std= 0.748963
dim  3: min=-1.679151 max= 0.000000 mean=-0.401758 std= 0.551010
dim  4: min=-0.005382 max= 0.090403 mean= 0.011583 std= 0.027428
dim  5: min=-0.871420 max= 0.086319 mean=-0.112863 std= 0.207339
dim  6: min= 0.000000 max= 1.000000 mean= 0.759188 std= 0.361242
dim  7: min=-0.110796 max= 0.880008 mean= 0.115748 std= 0.216470
dim  8: min= 0.000000 max= 3.002510 mean= 0.911795 std= 1.020629
dim  9: min= 0.000000 max= 3.357600 mean= 0.770627 std= 0.894912
dim 10: min=-1.880813 max= 0.000000 mean=-0.554444 std= 0.614346
dim 11: min=-0.092410 max= 0.092761 mean=-0.013621 std= 0.030678
dim 12: min=-0.093045 max= 0.898550 mean= 0.124988 std= 0.222621
dim 13: min= 0.000000 max= 1.000000 mean= 0.687146 std= 0.384612

===== per-episode arm activity =====
ep  start   end   active          L_span    R_span    L_TV      R_TV      LG_span   RG_span
 0      0    168 right            0.0000   2.0745    0.0000    8.6048    0.0000    1.0000
 1    168    340 right            0.0000   2.2018    0.0000    9.2703    0.0000    1.0000
 2    340    508 right            0.0000   2.1028    0.0000    8.8685    0.0000    1.0000
 3    508    687 right            0.0000   2.7112    0.0000   10.2397    0.0000    1.0000
 4    687    854 left             2.2965   0.0000    8.8972    0.0000    1.0000    0.0000
 5    854   1035 right            0.0000   2.9027    0.0000   10.5486    0.0000    1.0000
 6   1035   1207 left             2.3745   0.0000    9.4758    0.0000    1.0000    0.0000
 7   1207   1377 left             1.9172   0.0000    8.8429    0.0000    1.0000    0.0000
 8   1377   1550 right            0.0000   2.1150    0.0000   10.1525    0.0000    1.0000
 9   1550   1721 right            0.0000   2.1203    0.0000    8.8646    0.0000    1.0000
10   1721   1897 left             2.5767   0.0000   10.2186    0.0000    1.0000    0.0000
11   1897   2070 right            0.0000   2.0864    0.0000    9.2263    0.0000    1.0000
12   2070   2256 left             2.5219   0.0000   12.7561    0.0000    1.0000    0.0000
13   2256   2437 right            0.0000   2.8990    0.0000   10.6302    0.0000    1.0000
14   2437   2609 right            0.0000   2.3196    0.0000    9.1391    0.0000    1.0000
15   2609   2774 left             1.9282   0.0000    8.5039    0.0000    1.0000    0.0000
16   2774   2942 left             2.1611   0.0000    8.5955    0.0000    1.0000    0.0000
17   2942   3120 right            0.0000   2.9011    0.0000   10.9761    0.0000    1.0000
18   3120   3285 left             1.8558   0.0000    8.1150    0.0000    1.0000    0.0000
19   3285   3454 left             2.2508   0.0000    8.9966    0.0000    1.0000    0.0000
20   3454   3623 left             2.1465   0.0000    9.1675    0.0000    1.0000    0.0000
21   3623   3807 left             2.5301   0.0000   11.9394    0.0000    1.0000    0.0000
22   3807   3978 right            0.0000   2.2397    0.0000    9.2597    0.0000    1.0000
23   3978   4143 left             1.8574   0.0000    7.8434    0.0000    1.0000    0.0000
24   4143   4319 right            0.0000   2.2772    0.0000   10.0011    0.0000    1.0000
25   4319   4485 left             2.0683   0.0000    8.4670    0.0000    1.0000    0.0000
26   4485   4653 right            0.0000   2.1960    0.0000    8.9208    0.0000    1.0000
27   4653   4819 left             1.9192   0.0000    8.5507    0.0000    1.0000    0.0000
28   4819   4992 right            0.0000   2.2708    0.0000    9.4552    0.0000    1.0000
29   4992   5180 right            0.0000   3.3576    0.0000   12.0884    0.0000    1.0000
30   5180   5353 right            0.0000   2.4092    0.0000    9.5256    0.0000    1.0000
31   5353   5526 right            0.0000   2.3572    0.0000    9.4432    0.0000    1.0000
32   5526   5696 right            0.0000   2.4614    0.0000    9.8927    0.0000    1.0000
33   5696   5865 left             2.4141   0.0000    9.5147    0.0000    1.0000    0.0000
34   5865   6034 left             1.9531   0.0000    8.1758    0.0000    1.0000    0.0000
35   6034   6206 left             2.0708   0.0000    9.5832    0.0000    1.0000    0.0000
36   6206   6377 right            0.0000   2.3373    0.0000    9.4769    0.0000    1.0000
37   6377   6549 left             2.0085   0.0000    9.4050    0.0000    1.0000    0.0000
38   6549   6719 left             2.0308   0.0000    9.1435    0.0000    1.0000    0.0000
39   6719   6886 right            0.0000   1.8683    0.0000    8.5998    0.0000    1.0000
40   6886   7069 right            0.0000   2.9028    0.0000   10.9534    0.0000    1.0000
41   7069   7247 right            0.0000   2.5919    0.0000   10.6418    0.0000    1.0000
42   7247   7419 left             2.1033   0.0000    9.5696    0.0000    1.0000    0.0000
43   7419   7583 right            0.0000   1.6568    0.0000    7.7454    0.0000    1.0000
44   7583   7752 right            0.0000   1.8162    0.0000    8.5208    0.0000    1.0000
45   7752   7923 left             2.0435   0.0000    9.1517    0.0000    1.0000    0.0000
46   7923   8105 right            0.0000   2.3461    0.0000   10.4687    0.0000    1.0000
47   8105   8276 right            0.0000   2.2311    0.0000    8.7228    0.0000    1.0000
48   8276   8445 left             1.8572   0.0000    8.4673    0.0000    1.0000    0.0000
49   8445   8620 right            0.0000   2.0700    0.0000   10.0156    0.0000    1.0000

===== arm-count summary =====
left          : 22
right         : 28
both/ambiguous: 0

===== median movement =====
left-active episodes : 22
  median L span: 2.069553017616272
  median L TV  : 9.070052870505606
right-active episodes: 28
  median R span: 2.2740269899368286
  median R TV  : 9.466016243961349

===== state/action alignment sanity =====
max |action-state| per dim:
[0.06944773 0.11867571 0.1215021  0.090837   0.01179818 0.07126804
 0.07537693 0.08014074 0.11903709 0.11122799 0.08808088 0.01081634
 0.08063114 0.07537693]
mean |action-state| per dim:
[0.00169859 0.00600834 0.00742936 0.0065757  0.00027223 0.00160978
 0.00510441 0.00213261 0.00802985 0.01029265 0.00843618 0.00038245
 0.00207807 0.00649652]
